%YAML:1.0
description: "0"
samples:
   - !!opencv-matrix
      rows: 198
      cols: 1
      dt: d
      data: [ -2.0491139860710305e+01, -1.9866564849072436e+01,
          -1.8983930065353217e+01, -1.7785544028816943e+01,
          -1.5921392773030725e+01, -1.2778405284764897e+01,
          -8.6055945166436540e+00, -3.9384562570843848e+00,
          1.0683954678933629e+00, 6.1960086444755627e+00,
          1.0714349997685373e+01, 1.4559487756142763e+01,
          1.7341050558164220e+01, 1.8856630570433069e+01,
          1.9491647619025066e+01, 1.9605945764353983e+01,
          1.9332478422014876e+01, -1.7504800088146766e+01,
          -1.5382227683715483e+01, -1.2376513710052286e+01,
          -9.1267061406789551e+00, -5.9321939796313918e+00,
          3.2408685017385261e+00, 5.9014426121363854e+00,
          8.7745957292974488e+00, 1.1670703004007221e+01,
          1.4143796857241247e+01, -2.5320977292739422e-01,
          -3.3154051760836523e-02, 1.7640931735798115e-01,
          3.7021503050889099e-01, -2.9364816635855231e+00,
          -1.1540972436749057e+00, 6.8603112015121848e-01,
          2.3654010792806948e+00, 3.9489349873878350e+00,
          -1.2653820572425468e+01, -1.0910245733330362e+01,
          -8.7209523530394950e+00, -6.7939949743245762e+00,
          -8.6664757586780503e+00, -1.0713881796117459e+01,
          5.3448736087748321e+00, 7.0619162295929003e+00,
          9.2238850348652957e+00, 1.1098747764590126e+01,
          9.3005102766069641e+00, 7.2743193108651605e+00,
          -6.3415731167068561e+00, -4.3558222633231827e+00,
          -2.0149294896777357e+00, 6.9135816394270766e-01,
          3.2847248906781550e+00, 5.6552255710874944e+00,
          7.6327217046381310e+00, 5.8383227437409282e+00,
          3.4895038251458850e+00, 9.0353068003257186e-01,
          -1.7146101153826363e+00, -4.1992793351926423e+00,
          -1.9247865663425339e+00, 7.9727906886608213e-01,
          3.4142434274347231e+00, 3.4281068025857531e+00,
          8.4279978982056236e-01, -1.8408207551456179e+00,
          -5.9880133734697338e+00, -7.4820795820983721e-01,
          4.4779587109216319e+00, 9.5289356680955670e+00,
          1.4140311740578408e+01, 1.7818573807512603e+01,
          2.0400564874891124e+01, 2.2067208771593581e+01,
          2.2327490030304812e+01, 2.1478909880579693e+01,
          1.9049163982453919e+01, 1.5754903889462183e+01,
          1.1621176463839038e+01, 6.9152655119697055e+00,
          2.0047829385701834e+00, -3.0149466884076528e+00,
          -8.0272311083577570e+00, -1.4175149238551269e+01,
          -1.6623021524555323e+01, -1.7865952610899672e+01,
          -1.7968974511172124e+01, -1.7344334064726766e+01,
          -1.7710873960150955e+01, -1.8793510161838995e+01,
          -1.9255074907151233e+01, -1.8916841555499683e+01,
          -1.7417396007415391e+01, -1.1021724736241813e+01,
          -8.2638042009190489e+00, -5.5236868497707121e+00,
          -2.7925020317130027e+00, 6.2327920908794732e-01,
          9.3949250287346642e-01, 9.8274194222419375e-01,
          7.3298707808587638e-01, 2.0192930232574904e-01,
          -9.3657454336426973e+00, -1.0596082118212232e+01,
          -1.0833978819486385e+01, -9.9507222555551920e+00,
          -9.1554859625798031e+00, -8.9295398929474068e+00,
          -1.0689089623943543e+01, -1.1802431834336886e+01,
          -1.1966325760289019e+01, -1.0997525511213713e+01,
          -1.0227412868315664e+01, -1.0172380586346284e+01,
          9.3814837589879865e+00, 7.4662937050563860e+00,
          5.9376111833499881e+00, 5.9538326968573374e+00,
          5.6525732665004531e+00, 6.9197210812811605e+00,
          8.6837562089070222e+00, 1.0245339446724895e+01,
          1.1135403043605638e+01, 1.1415005754762237e+01,
          1.1351011640221577e+01, 1.0707250275166492e+01,
          8.1847551760095243e+00, 7.9320025135240257e+00,
          7.9399545308280812e+00, 8.5644790016596044e+00,
          8.7755700488633952e+00, 8.8263755027927573e+00,
          2.1530555015399095e+01, 2.1027521692181338e+01,
          2.0717179818279277e+01, 1.8460121635688839e+01,
          1.3583724062202934e+01, 7.9632700799229630e+00,
          3.3079753439367710e+00, -8.1823056575697617e-01,
          -4.6518118530665946e+00, -8.1285510852613396e-01,
          3.3184456793208010e+00, 7.9666954576718281e+00,
          1.3583253448054281e+01, 1.8299396128682343e+01,
          2.0674116991141094e+01, 2.0947584289928479e+01,
          2.1340553830337448e+01, 2.1212547458466657e-01,
          -1.5388535685084208e+00, -2.9146299128105704e+00,
          -4.2158611512924855e+00, -5.4056438451159146e+00,
          -5.4190998308455294e+00, -4.0844525636578251e+00,
          -2.7021958164880737e+00, -1.2256586058582943e+00,
          4.4719083235845580e-01, -4.9792824014080539e+00,
          -7.7767282891275809e+00, -1.0666059408320328e+01,
          -1.3413997021667795e+01, -6.2899033382203804e+00,
          -7.2256216233666279e+00, -8.1337673811489974e+00,
          -7.1252382267818497e+00, -6.2049236571286830e+00,
          -9.3678308798383603e-01, -1.1004829728064085e+00,
          -1.1876153897670170e+00, -1.0064220817866842e+00,
          -1.1702739986341173e+00, -1.1090881272129622e+00,
          -8.0355431685083811e-01, -1.0201305576403272e+00,
          -9.4829966748401917e-01, -7.8382624851924598e-01,
          -9.4732149376972741e-01, -9.6879360317121832e-01,
          -2.9175680332585814e+00, -5.0298838420369618e+00,
          -6.6230363862691490e+00, -8.2741140988220927e+00,
          -6.4761587295617575e+00, -4.8734666092688510e+00,
          -2.7877355745376735e+00, -4.0521707393259305e+00,
          -5.2735214616011783e+00, -6.7263573677706603e+00,
          -5.3534716162709959e+00, -4.0296245924706300e+00,
          -5.3176631991465619e+00, -7.3744125251543000e+00,
          -5.0815325264253399e+00, -4.5456472141915993e+00,
          -6.3852550759593152e+00, -4.6705758030105633e+00 ]
