%YAML:1.0
description: "0"
samples:
   - !!opencv-matrix
      rows: 198
      cols: 1
      dt: d
      data: [ -2.0055563818504403e+01, -1.9515702772964495e+01,
          -1.8660938556141321e+01, -1.7412818735865283e+01,
          -1.5427096178489016e+01, -1.2217143118559918e+01,
          -8.0523212266254269e+00, -3.2465166619041947e+00,
          1.9836451829601101e+00, 6.9107336678434139e+00,
          1.1149778043807052e+01, 1.4623218322262636e+01,
          1.7022405803919259e+01, 1.8180049089285362e+01,
          1.8663273305948390e+01, 1.8803482121450227e+01,
          1.8652004766920420e+01, -1.6664971249201621e+01,
          -1.4666280247598094e+01, -1.1846936058244466e+01,
          -8.7733362301557278e+00, -5.7769005992412161e+00,
          3.2661221073033828e+00, 6.2106738983220797e+00,
          9.3399478019942457e+00, 1.2353005512304383e+01,
          1.4647452887650957e+01, -8.6037253504206657e-01,
          -6.9941146048529024e-01, -5.3471729906080834e-01,
          -3.6030187711747785e-01, -3.6577678018851545e+00,
          -1.8966892300715850e+00, -9.9985847962994243e-02,
          1.6946949244196712e+00, 3.4229561144968454e+00,
          -1.2272375510975756e+01, -1.0466128261787707e+01,
          -8.2901608621341527e+00, -6.2971083249911741e+00,
          -8.2238870430055346e+00, -1.0274421499518631e+01,
          5.0994635100249601e+00, 7.0083185174252787e+00,
          9.1836151994973374e+00, 1.1106173499881104e+01,
          9.1564383083886529e+00, 7.0935178859022088e+00,
          -8.2157523138876574e+00, -6.1126795624116621e+00,
          -3.1637759514172834e+00, 2.7175851407373319e-01,
          3.6931160294151630e+00, 6.8550658070068078e+00,
          9.3174745560487224e+00, 7.3693184115658257e+00,
          4.5375627791699014e+00, 9.8447930409726458e-01,
          -2.6968249041427539e+00, -5.8495264637790596e+00,
          -3.8592610909381260e+00, 4.3974286169315818e-01,
          4.7560343603758879e+00, 5.1955791157382487e+00,
          7.5855853340210166e-01, -3.7971509978137741e+00,
          -6.3082093564411377e+00, -1.0729175500607724e+00,
          4.1138459583884464e+00, 9.2707796364214854e+00,
          1.4277734240833594e+01, 1.8531518232006285e+01,
          2.1785559911677307e+01, 2.3951278313988503e+01,
          2.4424188558721326e+01, 2.3095393963097131e+01,
          2.0209343143159803e+01, 1.6412688929067389e+01,
          1.1801608990610779e+01, 6.6368365323254492e+00,
          1.4275072748884630e+00, -3.7667410640164718e+00,
          -8.9609882222339365e+00, -1.4318781730895484e+01,
          -1.6584983529117853e+01, -1.7757818650552345e+01,
          -1.7867441372346182e+01, -1.7190073323625281e+01,
          -1.7764980184785248e+01, -1.8871567308537347e+01,
          -1.9191882048817860e+01, -1.8356032649681804e+01,
          -1.6275421657813514e+01, -1.0622243641842003e+01,
          -8.0204496141132058e+00, -5.4270907932325771e+00,
          -2.8578039259060595e+00, 3.1776911066630598e-01,
          6.6320174457856385e-01, 7.4352167150319914e-01,
          3.9518657135674873e-01, -2.0309901911026046e-01,
          -8.4248139091806440e+00, -9.5055403132780842e+00,
          -9.7033336027590025e+00, -9.1051973096669272e+00,
          -8.3967925723663601e+00, -8.1444183285302127e+00,
          -9.9373525858981040e+00, -1.0780075982759731e+01,
          -1.0846572616636305e+01, -1.0016176395233275e+01,
          -9.4959978457260572e+00, -9.4729913247305397e+00,
          7.8597719968723512e+00, 5.4945157414238661e+00,
          3.9489581659655708e+00, 3.7631187295612332e+00,
          3.4275252909012832e+00, 4.5057155080063724e+00,
          6.5094816195479845e+00, 9.4197747066510971e+00,
          1.1540850926179614e+01, 1.2394207098073258e+01,
          1.2121967582168034e+01, 1.0465055567329758e+01,
          6.1609928200037878e+00, 5.7452165076011461e+00,
          5.4909027559292678e+00, 8.8562537446005631e+00,
          9.9373267085676815e+00, 9.5483044346340087e+00,
          2.1446747094885012e+01, 2.1039097571040184e+01,
          2.0555864468101877e+01, 1.8239997026050982e+01,
          1.3527471908886797e+01, 7.8224111885376786e+00,
          3.0651251714559278e+00, -8.9047889211144982e-01,
          -4.8353895825474451e+00, -8.8468985461415650e-01,
          3.1940332259605331e+00, 8.0324820462253150e+00,
          1.3791937121093737e+01, 1.8514503977708905e+01,
          2.0874359832658833e+01, 2.1346147375038722e+01,
          2.1759031526443991e+01, 3.2374970143563325e-01,
          -1.5203712998736012e+00, -2.9585612439463480e+00,
          -4.2229560057651643e+00, -5.4011535340196479e+00,
          -5.3800790502790674e+00, -4.1608005296543862e+00,
          -2.8406213882744664e+00, -1.3704309700587509e+00,
          4.9904802563991851e-01, -5.0052896872761430e+00,
          -7.7785013113810866e+00, -1.0611516532853177e+01,
          -1.3419585936957903e+01, -6.4663870173077882e+00,
          -7.2112960076533348e+00, -8.0402568414956868e+00,
          -7.2630573197268928e+00, -6.4755195823493210e+00,
          -9.1306983559012656e-01, -1.2891610845798616e+00,
          -1.5398228981179614e+00, -1.1252848421265953e+00,
          -1.1334103336069030e+00, -1.0971952906281330e+00,
          -1.2012039116909028e+00, -1.4919441837977134e+00,
          -1.1551369349799203e+00, -7.1733041982565549e-01,
          -9.9374969209068975e-01, -1.1200420280342578e+00,
          -2.5396834700207962e+00, -4.7922650895879375e+00,
          -6.4192621619663788e+00, -7.9822221209437245e+00,
          -6.3971409744139907e+00, -4.7343387812502087e+00,
          -2.5072172131848962e+00, -3.8629634772864168e+00,
          -5.2775307774481943e+00, -6.8150001204302848e+00,
          -5.2805059700441292e+00, -3.9328242502592530e+00,
          -5.0385199948486212e+00, -7.4859612424010473e+00,
          -5.0938777771880615e+00, -4.4393376542631033e+00,
          -6.4906693243414626e+00, -4.4282847464869795e+00 ]
