%YAML:1.0
description: "1"
samples:
   - !!opencv-matrix
      rows: 198
      cols: 1
      dt: d
      data: [ -2.0740317685442207e+01, -2.0259655684461865e+01,
          -1.9414077987447858e+01, -1.8155890398548692e+01,
          -1.6162745724183608e+01, -1.2809831013339046e+01,
          -8.3686180054001156e+00, -3.2895177365683077e+00,
          2.0405578416175416e+00, 7.0536656257736636e+00,
          1.1568077875181272e+01, 1.5329682410965910e+01,
          1.7804068182164038e+01, 1.8863001139187926e+01,
          1.9320514210292366e+01, 1.9462626411027021e+01,
          1.9284604331903701e+01, -1.6977783856883498e+01,
          -1.5007148055471520e+01, -1.2149973273347362e+01,
          -9.0294271009132672e+00, -5.9947421938596257e+00,
          3.5099624775285148e+00, 6.5284746014485071e+00,
          9.7424230994292991e+00, 1.2842416269023305e+01,
          1.5162214115308458e+01, -9.1544496275063725e-01,
          -7.8229175081749724e-01, -6.3818559219275683e-01,
          -4.8020734335471715e-01, -3.1713270327684504e+00,
          -1.7092733154148119e+00, -2.3649559324328190e-01,
          1.2999150090770299e+00, 2.8019023383380643e+00,
          -1.2198925430050403e+01, -1.0543572485136609e+01,
          -8.4315773432538101e+00, -6.5250899660778465e+00,
          -8.2982225138056034e+00, -1.0295454955386028e+01,
          5.5952342020894692e+00, 7.4255120603119975e+00,
          9.5546937518864858e+00, 1.1346717453143128e+01,
          9.5039368432114717e+00, 7.4851157332424139e+00,
          -6.3437625044685637e+00, -4.6363411388117237e+00,
          -2.4378225648563667e+00, 2.5713138472587471e-01,
          2.9589374929729200e+00, 5.4186144426055378e+00,
          7.5001744964570296e+00, 5.4537223973098001e+00,
          3.1190986209385421e+00, 7.1822538607020459e-01,
          -1.7295345280360408e+00, -4.1752981921420380e+00,
          -2.1466448594648311e+00, 4.3235438337093640e-01,
          3.0586155680088143e+00, 3.0475950246341648e+00,
          4.6883358182067858e-01, -2.0985886224195238e+00,
          -6.1021360133442952e+00, -8.7252857187525168e-01,
          4.3020280829907112e+00, 9.4367186161695535e+00,
          1.4422274290207328e+01, 1.8573196438035250e+01,
          2.1545425645219126e+01, 2.3289727297432872e+01,
          2.3523578533831515e+01, 2.2360593333168431e+01,
          1.9864592583660528e+01, 1.6341941556799679e+01,
          1.1807416299242043e+01, 6.6160379690817726e+00,
          1.3518612949175082e+00, -3.9113720807503078e+00,
          -9.1732068505963902e+00, -1.4752540373814952e+01,
          -1.7148618579023349e+01, -1.8362728207759144e+01,
          -1.8441210157851970e+01, -1.7712257983471922e+01,
          -1.8365377686008724e+01, -1.9568324684571639e+01,
          -1.9952160761028605e+01, -1.9072053038791385e+01,
          -1.6835351420777350e+01, -1.0446088107802298e+01,
          -7.9630973963886591e+00, -5.4885084125751442e+00,
          -3.0386942807351267e+00, 8.2166147522631572e-01,
          9.9343692309906906e-01, 1.0021171273669880e+00,
          7.6880325461888377e-01, 3.8756090877409438e-01,
          -8.2305520213614507e+00, -9.4140329739918336e+00,
          -9.6218271802627662e+00, -8.9493822847210005e+00,
          -7.9875099005225279e+00, -7.7277307836423210e+00,
          -9.8965909148743982e+00, -1.0811369380472192e+01,
          -1.0829740349928194e+01, -9.8687334949514280e+00,
          -9.1583708407020445e+00, -9.1426467034604038e+00,
          9.0979784250907922e+00, 6.9452672486861067e+00,
          5.2668320303470315e+00, 5.2430463861758030e+00,
          4.8486359291208032e+00, 6.1753400347141074e+00,
          8.0095195077846792e+00, 9.2918290360916966e+00,
          9.9873509809388157e+00, 1.0339587013912434e+01,
          1.0414442442225536e+01, 1.0098259897878265e+01,
          7.6793319765907375e+00, 7.4465146835940281e+00,
          7.2431983505559367e+00, 7.5756541997692395e+00,
          7.7736702560885336e+00, 7.9994207358967202e+00,
          2.1395904855738618e+01, 2.1038800409985214e+01,
          2.0632454193268554e+01, 1.8295809920880579e+01,
          1.3417942439182948e+01, 7.6711774648496727e+00,
          3.2286602070201282e+00, -7.7599758031223698e-01,
          -4.8313438185549700e+00, -7.3831778284462313e-01,
          3.3778347116675507e+00, 7.9218288456883066e+00,
          1.3744385103056549e+01, 1.8614155193589834e+01,
          2.0980605801627174e+01, 2.1394247324723466e+01,
          2.1790038477258157e+01, 3.4659202933029404e-01,
          -1.5584857801963363e+00, -2.9522497824945937e+00,
          -4.1714455136666695e+00, -5.3409135608800806e+00,
          -5.2515682628406850e+00, -4.0590467031348147e+00,
          -2.7836334347627836e+00, -1.3686194923818127e+00,
          5.1355724561766003e-01, -5.0019527567272357e+00,
          -7.7319106147265639e+00, -1.0545572771250256e+01,
          -1.3345224260539620e+01, -6.3133504530677520e+00,
          -7.1549595149325471e+00, -8.1216008947522731e+00,
          -7.1590552447178668e+00, -6.2411691832673997e+00,
          -1.0613021369598190e+00, -1.3979090578506255e+00,
          -1.4558998367504559e+00, -9.9397073600957297e-01,
          -1.1793103886413578e+00, -1.1293555228590417e+00,
          -1.0712736125406761e+00, -1.3499472176016913e+00,
          -1.2020476532609081e+00, -8.2890361739893548e-01,
          -1.0001394638824472e+00, -1.1700942588977843e+00,
          -2.7663424014470164e+00, -5.0754732758604773e+00,
          -6.6508269709087031e+00, -8.0218559310601343e+00,
          -6.6176633701241432e+00, -5.0148035142299339e+00,
          -2.7460467958585704e+00, -3.8302729457609139e+00,
          -5.2666362873606065e+00, -6.7628874063732294e+00,
          -5.2917562662674182e+00, -3.9201729657235145e+00,
          -5.1051686328685344e+00, -7.1583271550055114e+00,
          -5.1677158274807846e+00, -4.5689295975088884e+00,
          -6.5470213350936426e+00, -4.5654152232776264e+00 ]
