%YAML:1.0
description: "2"
samples:
   - !!opencv-matrix
      rows: 198
      cols: 1
      dt: d
      data: [ -1.8634580063982654e+01, -1.8007957045636115e+01,
          -1.7062283771943193e+01, -1.5844712862467757e+01,
          -1.4231725051320570e+01, -1.1532626560696700e+01,
          -7.7586025603735012e+00, -3.1804357553851523e+00,
          1.9535423138224295e+00, 6.8901543039616833e+00,
          1.0907865863758554e+01, 1.3898240273524353e+01,
          1.5709061860376991e+01, 1.6561061992586207e+01,
          1.7074233649942659e+01, 1.7271809282037140e+01,
          1.7090633508135433e+01, -1.5625720650336232e+01,
          -1.4062587583786950e+01, -1.1541075338225786e+01,
          -8.6493213326680234e+00, -5.7903680288799837e+00,
          2.9046118723016208e+00, 5.5122709686464875e+00,
          8.3005621607003981e+00, 1.0924751943696473e+01,
          1.2826601544050519e+01, -5.8115284747600748e-01,
          -4.6437877203714223e-01, -3.5139181784957974e-01,
          -2.3513219238848987e-01, -1.8881718204225886e+00,
          -8.7502280509242092e-01, 8.3288682616191476e-02,
          1.0097946203766555e+00, 2.0014329439264840e+00,
          -1.1229465687594450e+01, -9.8526244192868830e+00,
          -7.9571021545635707e+00, -6.2727116228720581e+00,
          -7.7701241579945384e+00, -9.5607783694641544e+00,
          5.1661182018800220e+00, 6.7622424274232360e+00,
          8.6432220883482120e+00, 1.0093882951504598e+01,
          8.5183940688659039e+00, 6.7424149690426542e+00,
          -4.8513404535204163e+00, -4.1015504851270776e+00,
          -2.3705781080646271e+00, 3.6550092249416910e-01,
          3.0912672452215686e+00, 5.1092290783160763e+00,
          6.1844494641663008e+00, 4.9160284520771418e+00,
          3.2185634899605580e+00, 9.9239693340540713e-01,
          -1.3568899370190159e+00, -3.2756165372711190e+00,
          -1.7507657615927001e+00, 5.4557288000779847e-01,
          2.8816733488700312e+00, 2.9786500358461523e+00,
          8.1353163857009680e-01, -1.4714377597338453e+00,
          -6.8689210977583350e+00, -1.5167618234289912e+00,
          3.7528884397150666e+00, 9.1205414351323935e+00,
          1.4607769145563532e+01, 1.9532030194493814e+01,
          2.3459792808540314e+01, 2.6154610182180676e+01,
          2.6985209009092014e+01, 2.5315416731116660e+01,
          2.1789221372679783e+01, 1.7192738783499205e+01,
          1.1865845949959873e+01, 6.3232860622161411e+00,
          1.0823018656441481e+00, -4.0108127686295356e+00,
          -9.1326667801986225e+00, -1.5382148983909213e+01,
          -1.7813868110496529e+01, -1.9232972599413859e+01,
          -1.9468885091430970e+01, -1.8828815115061605e+01,
          -1.9048934268979856e+01, -2.0074012131751921e+01,
          -2.0272046684603445e+01, -1.9381162519247976e+01,
          -1.7401843614143829e+01, -1.1173500707791023e+01,
          -8.9338899997145642e+00, -6.6823694241586464e+00,
          -4.4622253157666396e+00, -6.6316854482828458e-01,
          -8.0017651364621700e-01, -8.4791250223629666e-01,
          -9.0748779212727615e-01, -8.8322482948477909e-01,
          -9.0018314305820990e+00, -1.0142001051006408e+01,
          -1.0441558164754310e+01, -9.9541769745165034e+00,
          -8.8074906800413011e+00, -8.5080444344125237e+00,
          -1.0637090127845145e+01, -1.1244238244059034e+01,
          -1.1163431592212808e+01, -1.0173831503708088e+01,
          -9.5172561739350972e+00, -9.6262466563052289e+00,
          9.9900543030736326e+00, 6.9885352464019768e+00,
          4.4475340272497847e+00, 4.2577808845970271e+00,
          4.1123184213234412e+00, 6.4352198389984361e+00,
          9.3764565296348952e+00, 1.1017317608052169e+01,
          1.2259280808520055e+01, 1.2892884183118181e+01,
          1.2539113388841940e+01, 1.1495350106831983e+01,
          7.2519292405426157e+00, 6.7121129039886167e+00,
          6.9774445351252075e+00, 9.3708486526839838e+00,
          1.0063776538036599e+01, 9.6354983981979139e+00,
          2.1155306552440162e+01, 2.0921500875316177e+01,
          2.0294500099229701e+01, 1.8162134342208603e+01,
          1.3466536499038080e+01, 7.7405860228408834e+00,
          3.0510856681405523e+00, -8.1131121110174342e-01,
          -5.0498809176877852e+00, -7.3652105328041817e-01,
          3.1870616696544030e+00, 7.9306275884067423e+00,
          1.3689404514869533e+01, 1.8208430819573980e+01,
          2.0381660880891079e+01, 2.0907143140520844e+01,
          2.1112996194206364e+01, 2.9757111053909080e-01,
          -1.6633499987639409e+00, -2.9997255947170300e+00,
          -4.2089317105731343e+00, -5.3491346495865635e+00,
          -5.4374170216015747e+00, -4.1888759192417941e+00,
          -2.8930024062331534e+00, -1.4926709295645302e+00,
          4.0610994456092669e-01, -4.9454677239062717e+00,
          -7.6694761051072815e+00, -1.0301843856709070e+01,
          -1.2929099426017311e+01, -5.9333890938568912e+00,
          -6.8176145853609169e+00, -7.9221391674373933e+00,
          -6.7984971486186341e+00, -5.8418820350035752e+00,
          -1.2097445573418248e+00, -1.4285014582456164e+00,
          -1.4375457986188391e+00, -9.3131189946094117e-01,
          -1.1493264867825808e+00, -1.0311197975360469e+00,
          -1.0348677397223505e+00, -1.3615536190264179e+00,
          -1.2938154918144678e+00, -1.0580085045087337e+00,
          -9.7036923613207260e-01, -1.1701253855831313e+00,
          -2.6671063292227650e+00, -5.1199410651642392e+00,
          -6.6061953392508475e+00, -7.9382458337561665e+00,
          -6.4752989610388418e+00, -4.9778433076559683e+00,
          -2.6435358592750924e+00, -3.9420475014257148e+00,
          -5.2697971381027404e+00, -6.9942404300534102e+00,
          -5.3411822253602512e+00, -4.0042497404484516e+00,
          -4.6706283079566955e+00, -6.8502347729341801e+00,
          -4.5663825798984314e+00, -4.2649820035569581e+00,
          -6.1457044617606114e+00, -4.3684149100414071e+00 ]
