%YAML:1.0
description: "3"
samples:
   - !!opencv-matrix
      rows: 198
      cols: 1
      dt: d
      data: [ -2.1971249951707112e+01, -2.1415520677273999e+01,
          -2.0552206283869321e+01, -1.9250304136169209e+01,
          -1.7070661938441702e+01, -1.3351720421975362e+01,
          -8.5526846120480702e+00, -3.1877665666480208e+00,
          2.3379538381095539e+00, 7.3751287319934642e+00,
          1.2022465078954159e+01, 1.5991679871265104e+01,
          1.8755232400001479e+01, 2.0001954952710907e+01,
          2.0461631386502258e+01, 2.0574952378190059e+01,
          2.0448165890862061e+01, -1.8240504939235546e+01,
          -1.5921305464322227e+01, -1.2647673731535169e+01,
          -9.1323186652423356e+00, -5.7044033106381322e+00,
          3.3836310292887517e+00, 6.6758965452398451e+00,
          1.0161170334258044e+01, 1.3573802062157405e+01,
          1.6203371407218238e+01, -8.9287167697349246e-01,
          -7.4348848891109898e-01, -5.8376396123030239e-01,
          -4.0572190342929282e-01, -3.7497264607677172e+00,
          -2.0065071319563845e+00, -1.8768078547557090e-01,
          1.6599111917631593e+00, 3.3768134441146396e+00,
          -1.2898424995970222e+01, -1.1073696364384924e+01,
          -8.8984561776825508e+00, -6.8242995777412778e+00,
          -8.7769512499697999e+00, -1.0841435523876553e+01,
          5.6368343227199711e+00, 7.6386821329562888e+00,
          9.8275986086984339e+00, 1.1767325050128960e+01,
          9.7228642365626836e+00, 7.6420520128914813e+00,
          -7.4840021991675423e+00, -5.3746745728081580e+00,
          -2.6925463249714841e+00, 2.8553592660522065e-01,
          3.2327844970925965e+00, 6.1085748374386002e+00,
          8.5704113107859587e+00, 6.2686353650464834e+00,
          3.5529180785764809e+00, 8.0740201875119522e-01,
          -2.0317496141139411e+00, -4.9145765388223737e+00,
          -2.5730357082097677e+00, 4.7558701815151860e-01,
          3.5519444931913675e+00, 3.6420074178220130e+00,
          5.5388765799576734e-01, -2.5320324378756265e+00,
          -6.6742731262111841e+00, -1.2159030275429561e+00,
          4.1984679545520827e+00, 9.5743102518533529e+00,
          1.4707872812295729e+01, 1.8852226102966988e+01,
          2.1707074029258152e+01, 2.3273821402653848e+01,
          2.3411747518956666e+01, 2.2249916615816542e+01,
          1.9888367558206976e+01, 1.6500830367675380e+01,
          1.2075288567701648e+01, 6.9412192669830501e+00,
          1.7149512333194259e+00, -3.4983297156603936e+00,
          -8.7056949136360551e+00, -1.2907705230041429e+01,
          -1.5458508004351341e+01, -1.6636361493095301e+01,
          -1.6605949056725642e+01, -1.5780043082013814e+01,
          -1.6307583296175089e+01, -1.7604251996502708e+01,
          -1.8132946198222690e+01, -1.7414744975864060e+01,
          -1.5168523982374886e+01, -1.0221455164569971e+01,
          -7.3673182758784810e+00, -4.5170477499506125e+00,
          -1.6816179335005901e+00, 7.0189023054072242e-01,
          1.1903754225787548e+00, 1.3340727045876075e+00,
          9.1545391223336881e-01, 1.7365538711240433e-01,
          -8.3882702731619112e+00, -9.4919613074570091e+00,
          -9.7694058858303894e+00, -9.1973822562877547e+00,
          -8.5386123225763608e+00, -8.2699311362389309e+00,
          -1.0103356945288043e+01, -1.0914307937546187e+01,
          -1.0888924748044269e+01, -1.0023559473643774e+01,
          -9.6668696410369925e+00, -9.6603174417966944e+00,
          7.7494394401232141e+00, 5.7793639114004174e+00,
          4.5649444851784038e+00, 4.6288082505203798e+00,
          4.0912261521919682e+00, 4.8562401340484112e+00,
          6.4626757883281973e+00, 7.9684842523740569e+00,
          8.7146837479035693e+00, 9.0658671359188858e+00,
          9.2131857020620558e+00, 8.9072775855386297e+00,
          6.5809468519457752e+00, 6.5165868211415354e+00,
          6.0525949084093451e+00, 6.4796785398160832e+00,
          6.7718667410768951e+00, 6.9958449179400057e+00,
          2.1677279683281629e+01, 2.1313070927305326e+01,
          2.0908010145186434e+01, 1.8534020612662339e+01,
          1.3360004902800242e+01, 7.7449016029049895e+00,
          3.4034517127187636e+00, -8.1523204448984299e-01,
          -4.7877326091968211e+00, -8.5607981949012224e-01,
          3.5000851869789900e+00, 7.9469078945934637e+00,
          1.3630225646967601e+01, 1.8761832770509066e+01,
          2.1177836176463440e+01, 2.1557355949378422e+01,
          2.1974644918606156e+01, 1.7460151210452871e-01,
          -1.7359534722358831e+00, -3.1390237312940568e+00,
          -4.4123817387283655e+00, -5.5252118710383735e+00,
          -5.3781804314590849e+00, -4.2281054886541822e+00,
          -2.9101475795432439e+00, -1.5043048208460512e+00,
          4.3004850470553041e-01, -5.0751263182893531e+00,
          -7.9325805568429706e+00, -1.0808085470720377e+01,
          -1.3489929719804962e+01, -6.3656123768069870e+00,
          -7.2714584764582506e+00, -8.2437706645083804e+00,
          -7.2654842560927841e+00, -6.2727049460099371e+00,
          -1.1747113894822956e+00, -1.4451103113442891e+00,
          -1.4223996320006989e+00, -9.4343657247169921e-01,
          -1.0516861618409601e+00, -1.1467415321666210e+00,
          -1.0295793712248433e+00, -1.3017385904017122e+00,
          -1.2124639117780216e+00, -8.5657565150945436e-01,
          -9.7420291413101889e-01, -1.0172958294809789e+00,
          -2.7295182078031344e+00, -4.9406581851385498e+00,
          -6.5468076901235062e+00, -7.9282369731801792e+00,
          -6.4695369950673935e+00, -4.8611344306314654e+00,
          -2.7495004894027364e+00, -3.6786705793165342e+00,
          -5.1927454905903367e+00, -6.7274208195998595e+00,
          -5.2212538104576378e+00, -3.7902814608700917e+00,
          -5.3601232417838052e+00, -7.2344592867910782e+00,
          -5.3951951007442123e+00, -4.5685099857300280e+00,
          -6.5352148070474154e+00, -4.5718545118934211e+00 ]
